%YAML:1.0
Projection: !!opencv-matrix
   rows: 3
   cols: 4
   dt: d
   data: [ 9.3339471435546898e+02, 0., 6.9319907811309497e+02, 0., 0.,
       1.0111448974609400e+03, 4.9061577897960899e+02, 0., 0., 0., 1.,
       0. ]
Distortion: !!opencv-matrix
   rows: 1
   cols: 5
   dt: d
   data: [ -4.6676338753947100e-01, 2.6772013825493102e-01,
       3.5067654760138401e-03, -5.2891417921104101e-03, 0. ]
