%YAML:1.0
Projection: !!opencv-matrix
   rows: 3
   cols: 4
   dt: d
   data: [ 5.3944348144531205e+02, 0., 3.1740928740456701e+02, 0., 0.,
       5.4308764648437500e+02, 2.7018704416664002e+02, 0., 0., 0., 1.,
       0. ]
Distortion: !!opencv-matrix
   rows: 1
   cols: 5
   dt: d
   data: [ 1.9457690402475500e-01, -3.7897328737814601e-01,
       -6.3708195098388805e-04, 2.9991604705369799e-03, 0. ]
