%YAML:1.0
Projection: !!opencv-matrix
   rows: 3
   cols: 4
   dt: d
   data: [ 9.0038983154296898e+02, 0., 6.7670259234925800e+02, 0., 0.,
       9.8413128662109398e+02, 5.0639862675842198e+02, 0., 0., 0., 1.,
       0. ]
Distortion: !!opencv-matrix
   rows: 1
   cols: 5
   dt: d
   data: [ -3.8603588781466602e-01, 1.3385578358845501e-01,
       -1.8572643724720900e-03, 5.9716421224153497e-04, 0. ]
