%YAML:1.0
Projection: !!opencv-matrix
   rows: 3
   cols: 4
   dt: d
   data: [ 9.7318945312500000e+02, 0., 7.3653146860690299e+02, 0., 0.,
       1.0596054687500000e+03, 4.3290622916270502e+02, 0., 0., 0., 1.,
       0. ]
Distortion: !!opencv-matrix
   rows: 1
   cols: 5
   dt: d
   data: [ -4.5960358955540398e-01, 1.6138260504914201e-01,
       1.9271553889701899e-02, -1.5036199812940699e-02, 0. ]
