%YAML:1.0
Projection: !!opencv-matrix
   rows: 3
   cols: 4
   dt: d
   data: [ 5.7581573486328125e+02, 0., 3.1950000000000000e+02, 0., 0.,
       5.7581573486328125e+02, 2.3369999999999999e+02, 0., 0., 0., 1.,
       0. ]
Distortion: !!opencv-matrix
   rows: 1
   cols: 5
   dt: d
   data: [ 0., 0., 0., 0., 0. ]
